run_id,epoch,base_harm,beta,conformal_score,conformal_method,gamma,alpha,k,nDCG @ k,"H(S,X)",|S|,random_items,Recall @ k,items_exhaustes,Method,Collective,Report Strategy,Report Fraction,likes_softmax_temperature,topk_n
0,100,0.3,0.0,Harm,hybrid,0.5277416110038757,0.0023785926660059467,20,0.5712251997740366,0.0022497522299306243,19.952428146679882,0.620812685827552,0.6418905489336318,0.47984957817113993,Conformal,0.001,low_risk_q1,0.01,1.0,0
0,100,0.3,0.0,Harm,hybrid,0.5898889303207397,0.0022794846382556988,20,0.521737367948386,0.0021902874132804758,19.870168483647177,0.7726461843409316,0.634997810549402,0.6844367379602627,Conformal,0.001,low_risk_q1,0.01,1.0,0
0,100,0.3,0.0,Harm,hybrid,0.6396067142486572,0.0021803766105054512,20,0.4741456056399659,0.002140733399405352,19.72844400396432,0.8862239841427155,0.6189285145724637,0.7968554508222544,Conformal,0.001,low_risk_q1,0.01,1.0,0
0,100,0.3,0.0,Harm,hybrid,0.6893246173858643,0.0020812685827552033,20,0.4297933328726572,0.0020019821605550053,19.493954410307236,1.044796828543112,0.5936764645444959,0.8499957478911406,Conformal,0.001,low_risk_q1,0.01,1.0,0
0,100,0.3,0.0,Harm,hybrid,0.7514718770980835,0.0019821605550049554,20,0.40212887257108426,0.0017641228939544104,18.95599603567889,1.3676907829534193,0.5355270037327112,0.8686211788024057,Conformal,0.001,low_risk_q1,0.01,1.0,0
0,100,0.3,0.0,Harm,hybrid,0.8011897802352905,0.0018830525272547079,20,0.3869658696652799,0.0016055500495540142,18.211100099108027,1.7974231912784935,0.46099242535776586,0.872164294775239,Conformal,0.001,low_risk_q1,0.01,1.0,0
0,100,0.3,0.0,Harm,hybrid,0.8260486125946045,0.00178394449950446,20,0.37796057818409,0.0015064420218037662,17.70049554013875,2.090782953419227,0.40980154726543266,0.8730799414166068,Conformal,0.001,low_risk_q1,0.01,1.0,0
0,100,0.3,0.0,Harm,hybrid,0.8384780883789062,0.0016848364717542122,20,0.37297881245866915,0.0014370664023785928,17.40455896927651,2.2622398414271556,0.38263838786604487,0.8734441369055198,Conformal,0.001,low_risk_q1,0.01,1.0,0
0,100,0.3,0.0,Harm,hybrid,0.8633370399475098,0.0015857284440039645,20,0.3662015539992454,0.0012685827552031716,16.795242814667986,2.6555004955401387,0.3281820589803005,0.8739999413995556,Conformal,0.001,low_risk_q1,0.01,1.0,0
0,100,0.3,0.0,Harm,hybrid,0.8757665157318115,0.0014866204162537167,20,0.36208169076305446,0.0011694747274529238,16.442616451932608,2.884638255698712,0.29940525273848123,0.8741511924118025,Conformal,0.001,low_risk_q1,0.01,1.0,0
0,100,0.3,0.0,Harm,hybrid,0.9006253480911255,0.001387512388503469,20,0.3514706327339325,0.001070366699702676,15.68820614469772,3.4093161546085233,0.2449322087726525,0.8743801920072702,Conformal,0.001,low_risk_q1,0.01,1.0,0
0,100,0.3,0.0,Harm,hybrid,0.9130548238754272,0.001288404360753221,20,0.3465356971668027,0.0010009910802775026,15.263032705649158,3.708820614469772,0.21977389279994777,0.8744444645776218,Conformal,0.001,low_risk_q1,0.01,1.0,0
0,100,0.3,0.0,Harm,hybrid,0.9130548238754272,0.0011892963330029733,20,0.3465356971668027,0.0010009910802775026,15.263032705649158,3.708820614469772,0.21977389279994777,0.8744444645776218,Conformal,0.001,low_risk_q1,0.01,1.0,0
0,100,0.3,0.0,Harm,hybrid,0.925484299659729,0.0010901883052527256,20,0.3402647716621561,0.0008424182358771061,14.815857284440039,4.03607532210109,0.19602586524939375,0.8745216903340108,Conformal,0.001,low_risk_q1,0.01,1.0,0
0,100,0.3,0.0,Harm,hybrid,0.9503432512283325,0.0009910802775024777,20,0.32789352252874515,0.0007234886025768088,13.912784935579783,4.736570862239842,0.15462516367179355,0.8747074612532263,Conformal,0.001,low_risk_q1,0.01,1.0,0
0,100,0.3,0.0,Harm,hybrid,0.975202202796936,0.00089197224975223,20,0.3185347407982422,0.0005748265609514372,12.94747274529237,5.488404360753221,0.12209867389057312,0.8747703478083265,Conformal,0.001,low_risk_q1,0.01,1.0,0
0,100,0.3,0.0,Harm,hybrid,1.00006103515625,0.0007928642220019822,20,0.3052527185667707,0.0004955401387512388,11.999008919722497,6.260455896927651,0.09673248776950907,0.8748334359536893,Conformal,0.001,low_risk_q1,0.01,1.0,0
0,100,0.3,0.0,Harm,hybrid,1.00006103515625,0.0006937561942517345,20,0.3052527185667707,0.0004955401387512388,11.999008919722497,6.260455896927651,0.09673248776950907,0.8748334359536893,Conformal,0.001,low_risk_q1,0.01,1.0,0
0,100,0.3,0.0,Harm,hybrid,1.0249199867248535,0.0005946481665014867,20,0.2955743034968317,0.0002477700693756194,11.106640237859267,6.964519326065411,0.07756195969661774,0.8748720313556385,Conformal,0.001,low_risk_q1,0.01,1.0,0
0,100,0.3,0.0,Harm,hybrid,1.049778938293457,0.0004955401387512388,20,0.28686438563567346,0.00013875123885034686,10.318533201189297,7.541129831516352,0.06386526785311562,0.8748989237057323,Conformal,0.001,low_risk_q1,0.01,1.0,0
0,100,0.3,0.0,Harm,hybrid,1.074637770652771,0.0003964321110009911,20,0.27854554352922106,8.9197224975223e-05,9.69197224975223,7.964519326065411,0.053323524585287906,0.8749128091490643,Conformal,0.001,low_risk_q1,0.01,1.0,0
0,100,0.3,0.0,Harm,hybrid,1.1119261980056763,0.00029732408325074334,20,0.26893777098006466,4.955401387512388e-05,9.103072348860257,8.337363726461843,0.044220427026933185,0.8749360160482672,Conformal,0.001,low_risk_q1,0.01,1.0,0
0,100,0.3,0.0,Harm,hybrid,1.348085880279541,0.00019821605550049556,20,0.2600732585235086,2.9732408325074337e-05,8.621010901883052,8.621010901883052,0.036184730114202326,0.8749478901234103,Conformal,0.001,low_risk_q1,0.01,1.0,0
0,100,0.3,0.0,Harm,hybrid,1.348085880279541,9.910802775024778e-05,20,0.2600732585235086,2.9732408325074337e-05,8.621010901883052,8.621010901883052,0.036184730114202326,0.8749478901234103,Conformal,0.001,low_risk_q1,0.01,1.0,0
0,100,0.3,0.0,Harm,hybrid,0.0,-1.0,20,0.608439394557621,0.0023785926660059467,20.0,0.0,0.4669883650486553,0.0,Conformal,0.001,low_risk_q1,0.01,1.0,0
0,100,0.3,0.0,Harm,hybrid,1.348085880279541,0.0,20,0.2600732585235086,2.9732408325074337e-05,8.621010901883052,8.621010901883052,0.036184730114202326,0.8749478901234103,Conformal,0.001,low_risk_q1,0.01,1.0,0
1,100,0.3,0.0,Harm,hybrid,0.6112467050552368,0.0021194794952681386,20,0.43677808035046545,0.0019223186119873817,19.509660883280755,1.020307570977918,0.5915225237953798,0.8468900534905484,Conformal,0.001,low_risk_q1,0.01,1.0,0
1,100,0.3,0.0,Harm,hybrid,0.6607979536056519,0.0020311678496319663,20,0.4104805217724108,0.001695583596214511,19.101932176656153,1.2480283911671923,0.5534436669401458,0.8670034202366854,Conformal,0.001,low_risk_q1,0.01,1.0,0
1,100,0.3,0.0,Harm,hybrid,0.7103491425514221,0.0019428562039957937,20,0.3937871317730101,0.0015674290220820191,18.47101735015773,1.5881309148264984,0.48956892817856856,0.8720454854323203,Conformal,0.001,low_risk_q1,0.01,1.0,0
1,100,0.3,0.0,Harm,hybrid,0.7475125789642334,0.0018545445583596212,20,0.382861810269796,0.0013998422712933752,17.787460567823345,1.9672712933753944,0.4230368668229342,0.873490740265671,Conformal,0.001,low_risk_q1,0.01,1.0,0
1,100,0.3,0.0,Harm,hybrid,0.7599003911018372,0.0017662329127234489,20,0.3772916107806288,0.0014294164037854892,17.52385646687697,2.129929022082019,0.397698146648738,0.8738108666662041,Conformal,0.001,low_risk_q1,0.01,1.0,0
1,100,0.3,0.0,Harm,hybrid,0.7722882032394409,0.0016779212670872765,20,0.37154373413506875,0.001360410094637224,17.23955047318612,2.3105283911671926,0.37018976176510926,0.8740841090143986,Conformal,0.001,low_risk_q1,0.01,1.0,0
1,100,0.3,0.0,Harm,hybrid,0.7970637679100037,0.001589609621451104,20,0.36501681844287726,0.0012519716088328075,16.589313880126184,2.733635646687697,0.31328631109784055,0.8744385424497892,Conformal,0.001,low_risk_q1,0.01,1.0,0
1,100,0.3,0.0,Harm,hybrid,0.8094515800476074,0.0015012979758149314,20,0.3618555024254405,0.0011928233438485807,16.23718454258675,2.9662854889589907,0.2867034034354496,0.8746100874325345,Conformal,0.001,low_risk_q1,0.01,1.0,0
1,100,0.3,0.0,Harm,hybrid,0.8218393921852112,0.001412986330178759,20,0.357534774292067,0.001094242902208202,15.869282334384858,3.2308753943217665,0.2593955482812139,0.8747070973885916,Conformal,0.001,low_risk_q1,0.01,1.0,0
1,100,0.3,0.0,Harm,hybrid,0.8342272043228149,0.0013246746845425868,20,0.3495471197605866,0.001005520504731861,15.463130914826499,3.51557570977918,0.2340827838989909,0.8748737518416845,Conformal,0.001,low_risk_q1,0.01,1.0,0
1,100,0.3,0.0,Harm,hybrid,0.8466150164604187,0.0012363630389064142,20,0.3456594654803306,0.000956230283911672,15.043178233438486,3.8186119873817033,0.21018386063614042,0.8750248197966142,Conformal,0.001,low_risk_q1,0.01,1.0,0
1,100,0.3,0.0,Harm,hybrid,0.8466150164604187,0.0011480513932702417,20,0.3456594654803306,0.000956230283911672,15.043178233438486,3.8186119873817033,0.21018386063614042,0.8750248197966142,Conformal,0.001,low_risk_q1,0.01,1.0,0
1,100,0.3,0.0,Harm,hybrid,0.8590028285980225,0.0010597397476340693,20,0.33960242607017543,0.0008083596214511043,14.595228706624606,4.152602523659306,0.18652527087426762,0.8750967271049261,Conformal,0.001,low_risk_q1,0.01,1.0,0
1,100,0.3,0.0,Harm,hybrid,0.8713906407356262,0.0009714281019978969,20,0.33612391500019556,0.0006999211356466876,14.152799684542586,4.5124211356466875,0.16623355199823867,0.8751706048142219,Conformal,0.001,low_risk_q1,0.01,1.0,0
1,100,0.3,0.0,Harm,hybrid,0.896166205406189,0.0008831164563617244,20,0.3244859443138829,0.0005717665615141956,13.202484227129338,5.246056782334385,0.13207787016298936,0.8752738386618912,Conformal,0.001,low_risk_q1,0.01,1.0,0
1,100,0.3,0.0,Harm,hybrid,0.9085540175437927,0.000794804810725552,20,0.3199384725368975,0.0005126182965299685,12.732452681388013,5.638209779179811,0.11718278977336018,0.8753283428439474,Conformal,0.001,low_risk_q1,0.01,1.0,0
1,100,0.3,0.0,Harm,hybrid,0.9209418296813965,0.0007064931650893795,20,0.3121597824245395,0.00042389589905362786,12.270307570977918,6.01813880126183,0.10533566035071905,0.8753666380680468,Conformal,0.001,low_risk_q1,0.01,1.0,0
1,100,0.3,0.0,Harm,hybrid,0.9333296418190002,0.0006181815194532071,20,0.30565717974011747,0.0003253154574132492,11.79179810725552,6.399053627760252,0.0933736338906761,0.8754082575147712,Conformal,0.001,low_risk_q1,0.01,1.0,0
1,100,0.3,0.0,Harm,hybrid,0.9581052660942078,0.0005298698738170347,20,0.29633027829333175,0.00025630914826498425,10.892350157728707,7.086159305993691,0.07471017022324938,0.875458457944553,Conformal,0.001,low_risk_q1,0.01,1.0,0
1,100,0.3,0.0,Harm,hybrid,0.9952686429023743,0.0004415582281808622,20,0.28416120640662007,0.00014787066246056783,9.844834384858045,7.830835962145111,0.056440974260632784,0.8755229288540326,Conformal,0.001,low_risk_q1,0.01,1.0,0
1,100,0.3,0.0,Harm,hybrid,1.0324320793151855,0.00035324658254468977,20,0.274055992051202,9.858044164037855e-05,9.191640378548897,8.258675078864353,0.04588796912155563,0.8755439207893189,Conformal,0.001,low_risk_q1,0.01,1.0,0
1,100,0.3,0.0,Harm,hybrid,1.106758952140808,0.00026493493690851733,20,0.2650077097810695,3.943217665615142e-05,8.714905362776026,8.558753943217665,0.03817092811277786,0.8755575298235403,Conformal,0.001,low_risk_q1,0.01,1.0,0
1,100,0.3,0.0,Harm,hybrid,1.2678003311157227,0.00017662329127234489,20,0.2618209046927709,3.943217665615142e-05,8.612776025236593,8.612381703470032,0.03613828846982274,0.8755575298235403,Conformal,0.001,low_risk_q1,0.01,1.0,0
1,100,0.3,0.0,Harm,hybrid,1.2678003311157227,8.831164563617244e-05,20,0.2618209046927709,3.943217665615142e-05,8.612776025236593,8.612381703470032,0.03613828846982274,0.8755575298235403,Conformal,0.001,low_risk_q1,0.01,1.0,0
1,100,0.3,0.0,Harm,hybrid,0.0,-1.0,20,0.6076125836691398,0.0021194794952681386,20.0,0.0,0.4669645535050957,0.0,Conformal,0.001,low_risk_q1,0.01,1.0,0
1,100,0.3,0.0,Harm,hybrid,1.2678003311157227,0.0,20,0.2618209046927709,3.943217665615142e-05,8.612776025236593,8.612381703470032,0.03613828846982274,0.8755575298235403,Conformal,0.001,low_risk_q1,0.01,1.0,0
2,100,0.3,0.0,Harm,hybrid,0.5524881482124329,0.002370136282836263,20,0.5284674889026418,0.0021627493580880903,19.890776219632627,0.6995852261505037,0.6285852072301096,0.6491943472089519,Conformal,0.001,low_risk_q1,0.01,1.0,0
2,100,0.3,0.0,Harm,hybrid,0.5785834193229675,0.0022713806043847522,20,0.504050973958482,0.002123247086707486,19.836263085127396,0.7550859174402528,0.6235247047744105,0.7257170956751279,Conformal,0.001,low_risk_q1,0.01,1.0,0
2,100,0.3,0.0,Harm,hybrid,0.6177262663841248,0.0021726249259332413,20,0.46749965185724446,0.0020936203831720328,19.72684179340312,0.8421884258344855,0.6114747375624489,0.8042155220489623,Conformal,0.001,low_risk_q1,0.01,1.0,0
2,100,0.3,0.0,Harm,hybrid,0.6568691730499268,0.0020738692474817303,20,0.4346046166030085,0.0020442425439462773,19.52676278886036,0.972348410033577,0.5901336669806352,0.8457841869498729,Conformal,0.001,low_risk_q1,0.01,1.0,0
2,100,0.3,0.0,Harm,hybrid,0.696012020111084,0.0019751135690302193,20,0.4115337639036699,0.0020047402725656724,19.19988149318586,1.162156824017381,0.558463009055589,0.8626843768715629,Conformal,0.001,low_risk_q1,0.01,1.0,0
2,100,0.3,0.0,Harm,hybrid,0.7482025623321533,0.0018763578905787084,20,0.39407622677708726,0.0017973533478174994,18.579893343867273,1.5091842780959905,0.4992960372855506,0.8692340301780777,Conformal,0.001,low_risk_q1,0.01,1.0,0
2,100,0.3,0.0,Harm,hybrid,0.7742977738380432,0.0017776022121271974,20,0.3855139773799118,0.0017677266442820464,18.143590756468498,1.756468496938574,0.45331569552080736,0.8703352811858709,Conformal,0.001,low_risk_q1,0.01,1.0,0
2,100,0.3,0.0,Harm,hybrid,0.8134406805038452,0.0016788465336756864,20,0.37476551280966786,0.001629468694449931,17.319375864112185,2.2488643096978076,0.37327336184500615,0.8711169840763875,Conformal,0.001,low_risk_q1,0.01,1.0,0
2,100,0.3,0.0,Harm,hybrid,0.8264883160591125,0.0015800908552241755,20,0.3686189007552858,0.0015702152873790242,17.003555204424256,2.4457831325301207,0.3447242895867242,0.8713466729019976,Conformal,0.001,low_risk_q1,0.01,1.0,0
2,100,0.3,0.0,Harm,hybrid,0.8395358920097351,0.0014813351767726645,20,0.36652235614417467,0.0014615840410823623,16.670156033971953,2.677068931463559,0.3148481058271797,0.8715029257068894,Conformal,0.001,low_risk_q1,0.01,1.0,0
2,100,0.3,0.0,Harm,hybrid,0.8656311631202698,0.0013825794983211535,20,0.3546074886774962,0.0012739482520244916,15.861939561524787,3.1929685956942526,0.25668613780222527,0.8717930039321179,Conformal,0.001,low_risk_q1,0.01,1.0,0
2,100,0.3,0.0,Harm,hybrid,0.8656311631202698,0.0012838238198696426,20,0.3546074886774962,0.0012739482520244916,15.861939561524787,3.1929685956942526,0.25668613780222527,0.8717930039321179,Conformal,0.001,low_risk_q1,0.01,1.0,0
2,100,0.3,0.0,Harm,hybrid,0.8786787986755371,0.0011850681414181316,20,0.3500588941136284,0.0011159391665020739,15.437487655540194,3.5012838238198696,0.23128861447654564,0.8719563355322628,Conformal,0.001,low_risk_q1,0.01,1.0,0
2,100,0.3,0.0,Harm,hybrid,0.8917264342308044,0.0010863124629666206,20,0.3439988367521567,0.0009875567845151097,14.998814931858583,3.829745210349595,0.2065321906794507,0.8721098602257739,Conformal,0.001,low_risk_q1,0.01,1.0,0
2,100,0.3,0.0,Harm,hybrid,0.904774010181427,0.0009875567845151097,20,0.3396248098215523,0.0008492988346829944,14.52222002765159,4.207979458818882,0.18320410378720256,0.8722049369731725,Conformal,0.001,low_risk_q1,0.01,1.0,0
2,100,0.3,0.0,Harm,hybrid,0.9308692812919617,0.0008888011060635987,20,0.32613774429012,0.0006616630456251234,13.533083152281256,4.963855421686747,0.14378982863836096,0.872307652512764,Conformal,0.001,low_risk_q1,0.01,1.0,0
2,100,0.3,0.0,Harm,hybrid,0.943916916847229,0.0007900454276120877,20,0.3199250272599637,0.0005135295279478571,13.028639146750939,5.3665810784120085,0.12586179165163988,0.8723473059820159,Conformal,0.001,low_risk_q1,0.01,1.0,0
2,100,0.3,0.0,Harm,hybrid,0.9569645524024963,0.0006912897491605768,20,0.31274268132820343,0.0005036539601027058,12.518072289156626,5.780959905194549,0.11136445943198202,0.8724019353376509,Conformal,0.001,low_risk_q1,0.01,1.0,0
2,100,0.3,0.0,Harm,hybrid,0.9830597639083862,0.0005925340707090658,20,0.30012279996275665,0.0003456448745802884,11.552834287971558,6.573968003160182,0.08740403990501981,0.8724370516802228,Conformal,0.001,low_risk_q1,0.01,1.0,0
2,100,0.3,0.0,Harm,hybrid,1.009155035018921,0.0004937783922575548,20,0.2888280226445667,0.00022713806043847523,10.651392455066166,7.2605174797550855,0.0697562210838964,0.8724573611011118,Conformal,0.001,low_risk_q1,0.01,1.0,0
2,100,0.3,0.0,Harm,hybrid,1.0482978820800781,0.00039502271380604387,20,0.2802195268311955,0.00014813351767726645,9.642899466719337,7.979853841595892,0.053268935012143956,0.8724857360917673,Conformal,0.001,low_risk_q1,0.01,1.0,0
2,100,0.3,0.0,Harm,hybrid,1.1004884243011475,0.0002962670353545329,20,0.26612961873792146,6.912897491605768e-05,8.965040489828166,8.430969780762394,0.04196913586968095,0.8724958759542013,Conformal,0.001,low_risk_q1,0.01,1.0,0
2,100,0.3,0.0,Harm,hybrid,1.3222980499267578,0.00019751135690302193,20,0.2620127223055189,3.9502271380604385e-05,8.61821054710646,8.617815524392652,0.03569846258652287,0.8725080520161911,Conformal,0.001,low_risk_q1,0.01,1.0,0
2,100,0.3,0.0,Harm,hybrid,1.3222980499267578,9.875567845151097e-05,20,0.2620127223055189,3.9502271380604385e-05,8.61821054710646,8.617815524392652,0.03569846258652287,0.8725080520161911,Conformal,0.001,low_risk_q1,0.01,1.0,0
2,100,0.3,0.0,Harm,hybrid,0.0,-1.0,20,0.6030652805384418,0.002370136282836263,20.0,0.0,0.4603427922724752,0.0,Conformal,0.001,low_risk_q1,0.01,1.0,0
2,100,0.3,0.0,Harm,hybrid,1.3222980499267578,0.0,20,0.2620127223055189,3.9502271380604385e-05,8.61821054710646,8.617815524392652,0.03569846258652287,0.8725080520161911,Conformal,0.001,low_risk_q1,0.01,1.0,0
3,100,0.3,0.0,Harm,hybrid,0.05018720030784607,0.0023936696340257175,20,0.6073021913725296,0.0023936696340257175,20.0,0.0,0.6441399961360962,0.11463292482279344,Conformal,0.001,low_risk_q1,0.01,1.0,0
3,100,0.3,0.0,Harm,hybrid,0.49760571122169495,0.002293933399274646,20,0.5710046785052988,0.002294757665677547,19.947774480712166,0.6308605341246291,0.6406096914227064,0.47701674051625953,Conformal,0.001,low_risk_q1,0.01,1.0,0
3,100,0.3,0.0,Harm,hybrid,0.5597472190856934,0.0021941971645235746,20,0.5237504724192739,0.002176063303659743,19.87121661721068,0.7711177052423344,0.6338211997514164,0.6897100813694155,Conformal,0.001,low_risk_q1,0.01,1.0,0
3,100,0.3,0.0,Harm,hybrid,0.6094603538513184,0.0020944609297725027,20,0.4711338694882219,0.0020276953511374875,19.749554896142435,0.8965380811078141,0.6186754877890926,0.8030743376697608,Conformal,0.001,low_risk_q1,0.01,1.0,0
3,100,0.3,0.0,Harm,hybrid,0.6591734886169434,0.0019947246950214313,20,0.4294435491736037,0.0020178041543026707,19.48526211671612,1.055786350148368,0.5903869586950817,0.8525740842090092,Conformal,0.001,low_risk_q1,0.01,1.0,0
3,100,0.3,0.0,Harm,hybrid,0.6964583396911621,0.0018949884602703598,20,0.40818400383419373,0.0018991097922848668,19.19030662710188,1.2330365974282889,0.5595927658839116,0.8661980623489594,Conformal,0.001,low_risk_q1,0.01,1.0,0
3,100,0.3,0.0,Harm,hybrid,0.7337433099746704,0.0017952522255192881,20,0.3933995158197683,0.0017309594460929772,18.732542037586548,1.4799208704253215,0.5141903837869194,0.8710761941329402,Conformal,0.001,low_risk_q1,0.01,1.0,0
3,100,0.3,0.0,Harm,hybrid,0.7710281610488892,0.0016955159907682165,20,0.3837234634644668,0.0017111770524233434,18.134718100890208,1.8112759643916914,0.4536741680020796,0.8729001824634538,Conformal,0.001,low_risk_q1,0.01,1.0,0
3,100,0.3,0.0,Harm,hybrid,0.7834564447402954,0.001595779756017145,20,0.38045349870465633,0.0016815034619188922,17.88545994065282,1.943620178041543,0.4310305106115204,0.8732402468692788,Conformal,0.001,low_risk_q1,0.01,1.0,0
3,100,0.3,0.0,Harm,hybrid,0.8083130121231079,0.0014960435212660736,20,0.3736645640019314,0.001562809099901088,17.348170128585558,2.266864490603363,0.376361582141134,0.8737229386450344,Conformal,0.001,low_risk_q1,0.01,1.0,0
3,100,0.3,0.0,Harm,hybrid,0.8331695795059204,0.0013963072865150019,20,0.36345234801233917,0.0014540059347181008,16.71928783382789,2.6886251236399605,0.31913331909971815,0.8740698763887329,Conformal,0.001,low_risk_q1,0.01,1.0,0
3,100,0.3,0.0,Harm,hybrid,0.8580261468887329,0.0012965710517639302,20,0.35463980602354067,0.0011968348170128588,15.976656775469833,3.1849653808110783,0.264859518153057,0.8742892318699711,Conformal,0.001,low_risk_q1,0.01,1.0,0
3,100,0.3,0.0,Harm,hybrid,0.8828827142715454,0.0011968348170128588,20,0.3431542736041753,0.0010089020771513353,15.151730959446093,3.786745796241345,0.213698390424833,0.8744958549590158,Conformal,0.001,low_risk_q1,0.01,1.0,0
3,100,0.3,0.0,Harm,hybrid,0.8953111171722412,0.0010970985822617873,20,0.3389993606369335,0.0009000989119683483,14.708407517309594,4.106429277942631,0.1907187783553412,0.8745613361963169,Conformal,0.001,low_risk_q1,0.01,1.0,0
3,100,0.3,0.0,Harm,hybrid,0.9077394008636475,0.0009973623475107156,20,0.33229210541181836,0.000791295746785361,14.267260138476756,4.451632047477744,0.1709808396900385,0.874617365184072,Conformal,0.001,low_risk_q1,0.01,1.0,0
3,100,0.3,0.0,Harm,hybrid,0.9201676845550537,0.0008976261127596441,20,0.3266057566603412,0.0007022749752720079,13.797823936696341,4.818991097922849,0.1521771514338188,0.8746411245648833,Conformal,0.001,low_risk_q1,0.01,1.0,0
3,100,0.3,0.0,Harm,hybrid,0.9450242519378662,0.0007978898780085725,20,0.31326652527317395,0.0005440158259149357,12.859149357072205,5.576063303659743,0.1204913193744486,0.8747117462598737,Conformal,0.001,low_risk_q1,0.01,1.0,0
3,100,0.3,0.0,Harm,hybrid,0.9574525356292725,0.0006981536432575009,20,0.3094854105951235,0.0004747774480712167,12.376458951533136,5.954104846686449,0.1068898415772124,0.874749175812264,Conformal,0.001,low_risk_q1,0.01,1.0,0
3,100,0.3,0.0,Harm,hybrid,0.9698808193206787,0.0005984174085064294,20,0.30294987660531064,0.0003560830860534125,11.895944609297725,6.339070227497527,0.09554569524675449,0.8747972501906494,Conformal,0.001,low_risk_q1,0.01,1.0,0
3,100,0.3,0.0,Harm,hybrid,0.9947373867034912,0.0004986811737553578,20,0.29235237017348503,0.00026706231454005935,11.001384767556875,7.038971315529179,0.07694356406495018,0.874841854117239,Conformal,0.001,low_risk_q1,0.01,1.0,0
3,100,0.3,0.0,Harm,hybrid,1.0444505214691162,0.00039894493900428625,20,0.2754945370902778,0.00011869436201780417,9.627299703264095,8.00593471810089,0.05443002885003877,0.8748890519124121,Conformal,0.001,low_risk_q1,0.01,1.0,0
3,100,0.3,0.0,Harm,hybrid,1.056878924369812,0.0002992087042532147,20,0.27304097136467587,9.891196834817012e-05,9.399010880316519,8.152917903066271,0.050055764407033576,0.8748951801358285,Conformal,0.001,low_risk_q1,0.01,1.0,0
3,100,0.3,0.0,Harm,hybrid,1.280588150024414,0.00019947246950214313,20,0.25870513261790734,2.9673590504451044e-05,8.640356083086054,8.638180019782393,0.036898376544796885,0.8749112515370019,Conformal,0.001,low_risk_q1,0.01,1.0,0
3,100,0.3,0.0,Harm,hybrid,1.280588150024414,9.973623475107156e-05,20,0.25870513261790734,2.9673590504451044e-05,8.640356083086054,8.638180019782393,0.036898376544796885,0.8749112515370019,Conformal,0.001,low_risk_q1,0.01,1.0,0
3,100,0.3,0.0,Harm,hybrid,0.0,-1.0,20,0.6073021913725296,0.0023936696340257175,20.0,0.0,0.46774039178396964,0.0,Conformal,0.001,low_risk_q1,0.01,1.0,0
3,100,0.3,0.0,Harm,hybrid,1.280588150024414,0.0,20,0.25870513261790734,2.9673590504451044e-05,8.640356083086054,8.638180019782393,0.036898376544796885,0.8749112515370019,Conformal,0.001,low_risk_q1,0.01,1.0,0
4,100,0.3,0.0,Harm,hybrid,0.5670962929725647,0.0023639960435212657,20,0.5855434517995419,0.002294757665677547,19.974480712166173,0.5438180019782394,0.6429242005387837,0.3836692983552633,Conformal,0.001,low_risk_q1,0.01,1.0,0
4,100,0.3,0.0,Harm,hybrid,0.6316942572593689,0.0022654962083745464,20,0.548295302691391,0.0022551928783382793,19.92383778437191,0.7467853610286844,0.6377192115801545,0.6071730148821859,Conformal,0.001,low_risk_q1,0.01,1.0,0
4,100,0.3,0.0,Harm,hybrid,0.6704530119895935,0.002166996373227827,20,0.5122501878329033,0.002245301681503462,19.856973293768547,0.836597428288823,0.6289491794287569,0.7232268518249048,Conformal,0.001,low_risk_q1,0.01,1.0,0
4,100,0.3,0.0,Harm,hybrid,0.7221313714981079,0.0020684965380811074,20,0.45837074533044997,0.002096933728981207,19.691988130563796,0.9691394658753709,0.6112701639796017,0.822879213442849,Conformal,0.001,low_risk_q1,0.01,1.0,0
4,100,0.3,0.0,Harm,hybrid,0.7996488809585571,0.001969996702934388,20,0.41031993474071293,0.001998021760633037,19.153115727002966,1.3099901088031651,0.5568420671400433,0.8698619205999287,Conformal,0.001,low_risk_q1,0.01,1.0,0
4,100,0.3,0.0,Harm,hybrid,0.8254880905151367,0.0018714968677876688,20,0.4002292818955556,0.001998021760633037,18.851038575667655,1.4694362017804155,0.5269717368444068,0.8730761691586494,Conformal,0.001,low_risk_q1,0.01,1.0,0
4,100,0.3,0.0,Harm,hybrid,0.8642468452453613,0.0017729970326409493,20,0.3896831932668735,0.0018199802176063306,18.26824925816024,1.7984174085064293,0.4688386345075076,0.8759245546503261,Conformal,0.001,low_risk_q1,0.01,1.0,0
4,100,0.3,0.0,Harm,hybrid,0.8900859951972961,0.0016744971974942298,20,0.381611629128919,0.0016518298714144415,17.77190900098912,2.090603363006924,0.4186688207164593,0.8766901916573415,Conformal,0.001,low_risk_q1,0.01,1.0,0
4,100,0.3,0.0,Harm,hybrid,0.9030055999755859,0.0015759973623475105,20,0.3766738424725429,0.00162215628090999,17.474777448071215,2.267457962413452,0.3913821328742184,0.8770315660688615,Conformal,0.001,low_risk_q1,0.01,1.0,0
4,100,0.3,0.0,Harm,hybrid,0.9159252047538757,0.0014774975272007912,20,0.37284290391151453,0.001463897131552918,17.16913946587537,2.465677546983185,0.3616666919775527,0.8773372644001719,Conformal,0.001,low_risk_q1,0.01,1.0,0
4,100,0.3,0.0,Harm,hybrid,0.9417643547058105,0.0013789976920540717,20,0.36485344071678905,0.0012462908011869436,16.4593471810089,2.9216617210682494,0.30118385205839615,0.8777436508876227,Conformal,0.001,low_risk_q1,0.01,1.0,0
4,100,0.3,0.0,Harm,hybrid,0.9676035642623901,0.0012804978569073522,20,0.35603260862350283,0.0010880316518298715,15.678733926805144,3.481503461918892,0.2453134031859537,0.8781542262851796,Conformal,0.001,low_risk_q1,0.01,1.0,0
4,100,0.3,0.0,Harm,hybrid,0.9805231094360352,0.0011819980217606329,20,0.3488996847479295,0.0009792284866468842,15.251434223541048,3.7863501483679527,0.2186645148074533,0.8783095513722405,Conformal,0.001,low_risk_q1,0.01,1.0,0
4,100,0.3,0.0,Harm,hybrid,0.993442714214325,0.0010834981866139136,20,0.34319646567522916,0.0009099901088031651,14.796439169139466,4.111770524233433,0.19504963191458954,0.8783933211767213,Conformal,0.001,low_risk_q1,0.01,1.0,0
4,100,0.3,0.0,Harm,hybrid,1.0063623189926147,0.000984998351467194,20,0.3372051627387219,0.0008605341246290802,14.342828882294757,4.460138476755687,0.1738930863779051,0.8784985643730621,Conformal,0.001,low_risk_q1,0.01,1.0,0
4,100,0.3,0.0,Harm,hybrid,1.0192818641662598,0.0008864985163204747,20,0.33164734961574327,0.000751730959446093,13.850445103857567,4.836003956478734,0.1549509482744823,0.8786048823517933,Conformal,0.001,low_risk_q1,0.01,1.0,0
4,100,0.3,0.0,Harm,hybrid,1.0322015285491943,0.0007879986811737552,20,0.3262026425511483,0.0006528189910979229,13.351533135509397,5.248466864490603,0.13554169697399893,0.8786710230961539,Conformal,0.001,low_risk_q1,0.01,1.0,0
4,100,0.3,0.0,Harm,hybrid,1.070960283279419,0.0006894988460270358,20,0.3078020323185398,0.00042532146389713163,11.83521266073195,6.41246290801187,0.09405362758088044,0.8787740511677339,Conformal,0.001,low_risk_q1,0.01,1.0,0
4,100,0.3,0.0,Harm,hybrid,1.096799373626709,0.0005909990108803164,20,0.29620029932763303,0.00034619188921859544,10.903066271018794,7.125618199802176,0.07562465308641274,0.8788040206464476,Conformal,0.001,low_risk_q1,0.01,1.0,0
4,100,0.3,0.0,Harm,hybrid,1.1097190380096436,0.000492499175733597,20,0.2919864270580951,0.00027695351137487634,10.499109792284866,7.422947576656775,0.0684740666532979,0.8788111013148258,Conformal,0.001,low_risk_q1,0.01,1.0,0
4,100,0.3,0.0,Harm,hybrid,1.1613973379135132,0.0003939993405868776,20,0.2777770061915908,0.00012858555885262118,9.335311572700297,8.186547972304648,0.05005805097386709,0.8788381937717682,Conformal,0.001,low_risk_q1,0.01,1.0,0
4,100,0.3,0.0,Harm,hybrid,1.1872365474700928,0.0002954995054401582,20,0.2737530067218757,0.00010880316518298716,9.027893175074183,8.380217606330365,0.04519996584355203,0.878843255828547,Conformal,0.001,low_risk_q1,0.01,1.0,0
4,100,0.3,0.0,Harm,hybrid,1.4068695306777954,0.0001969996702934388,20,0.2655645700513973,3.956478733926805e-05,8.625123639960435,8.62373887240356,0.037593810444335476,0.878852510386339,Conformal,0.001,low_risk_q1,0.01,1.0,0
4,100,0.3,0.0,Harm,hybrid,1.4068695306777954,9.84998351467194e-05,20,0.2655645700513973,3.956478733926805e-05,8.625123639960435,8.62373887240356,0.037593810444335476,0.878852510386339,Conformal,0.001,low_risk_q1,0.01,1.0,0
4,100,0.3,0.0,Harm,hybrid,0.0,-1.0,20,0.6084376929866409,0.0023639960435212657,20.0,0.0,0.4681164650305035,0.0,Conformal,0.001,low_risk_q1,0.01,1.0,0
4,100,0.3,0.0,Harm,hybrid,1.4068695306777954,0.0,20,0.2655645700513973,3.956478733926805e-05,8.625123639960435,8.62373887240356,0.037593810444335476,0.878852510386339,Conformal,0.001,low_risk_q1,0.01,1.0,0
5,100,0.3,0.0,Harm,hybrid,0.3310190737247467,0.002338485929449069,20,0.6037918808407872,0.002298850574712644,19.997423701942132,0.1813317479191439,0.6428388886529489,0.16614508799118288,Conformal,0.001,low_risk_q1,0.01,1.0,0
5,100,0.3,0.0,Harm,hybrid,0.47443538904190063,0.0022410490157220245,20,0.5681435729451674,0.0022195798652397936,19.957391993658344,0.6609195402298851,0.6398459652058355,0.48097658534687593,Conformal,0.001,low_risk_q1,0.01,1.0,0
5,100,0.3,0.0,Harm,hybrid,0.5341922044754028,0.0021436121019949798,20,0.5230791208731366,0.0021898533491874752,19.88644470868014,0.8194609591755846,0.6339357517413137,0.6827551845669277,Conformal,0.001,low_risk_q1,0.01,1.0,0
5,100,0.3,0.0,Harm,hybrid,0.6537058353424072,0.0020461751882679354,20,0.4184646941036021,0.002001585414189457,19.376535869996037,1.1845025762980579,0.578497352190973,0.8609537834838721,Conformal,0.001,low_risk_q1,0.01,1.0,0
5,100,0.3,0.0,Harm,hybrid,0.6776084899902344,0.0019487382745408909,20,0.4095356221672648,0.0020313119302417756,19.166270313119302,1.323226317875545,0.5550251826253554,0.8677655320644351,Conformal,0.001,low_risk_q1,0.01,1.0,0
5,100,0.3,0.0,Harm,hybrid,0.7015112638473511,0.0018513013608138463,20,0.3985156473422166,0.0018232263178755452,18.895164486722155,1.480975029726516,0.5277008030604663,0.8714563397580519,Conformal,0.001,low_risk_q1,0.01,1.0,0
5,100,0.3,0.0,Harm,hybrid,0.7254139184951782,0.0017538644470868018,20,0.3925529921994107,0.0016448672215616331,18.555291319857314,1.6666666666666667,0.49404283960659423,0.8732347876454745,Conformal,0.001,low_risk_q1,0.01,1.0,0
5,100,0.3,0.0,Harm,hybrid,0.7732193470001221,0.0016564275333597572,20,0.3759784887538738,0.0014070550931430835,17.661514070550933,2.1759809750297263,0.40618461659890576,0.8755155912922664,Conformal,0.001,low_risk_q1,0.01,1.0,0
5,100,0.3,0.0,Harm,hybrid,0.8090734481811523,0.0015589906196327127,20,0.36561666375231267,0.001208878319460959,16.80063416567578,2.722750693618708,0.32512334322819497,0.8760175087561393,Conformal,0.001,low_risk_q1,0.01,1.0,0
5,100,0.3,0.0,Harm,hybrid,0.8210247755050659,0.001461553705905668,20,0.35963420338892094,0.0011791518034086406,16.46373365041617,2.948870392390012,0.2984579231848626,0.8762044063887894,Conformal,0.001,low_risk_q1,0.01,1.0,0
5,100,0.3,0.0,Harm,hybrid,0.8329761028289795,0.0013641167921786235,20,0.35545727644008984,0.0010701545778834722,16.09789932619897,3.199167657550535,0.27175680666072927,0.8763078218955643,Conformal,0.001,low_risk_q1,0.01,1.0,0
5,100,0.3,0.0,Harm,hybrid,0.8449275493621826,0.001266679878451579,20,0.3510171953403692,0.0010107015457788346,15.722750693618709,3.457193816884661,0.2471685459263365,0.8763881612961231,Conformal,0.001,low_risk_q1,0.01,1.0,0
5,100,0.3,0.0,Harm,hybrid,0.8568788766860962,0.0011692429647245344,20,0.346135338999294,0.0009710661910424099,15.321046373365041,3.7429647245342847,0.22387477967621305,0.8764746849547896,Conformal,0.001,low_risk_q1,0.01,1.0,0
5,100,0.3,0.0,Harm,hybrid,0.8688302040100098,0.0010718060509974899,20,0.34011905428312933,0.0008917954815695601,14.8880301228696,4.051525961157353,0.2005052501396278,0.8765626656063025,Conformal,0.001,low_risk_q1,0.01,1.0,0
5,100,0.3,0.0,Harm,hybrid,0.8807816505432129,0.0009743691372704454,20,0.33315675454260046,0.000842251288149029,14.44589774078478,4.3799048751486325,0.17931421427358651,0.8766518798955109,Conformal,0.001,low_risk_q1,0.01,1.0,0
5,100,0.3,0.0,Harm,hybrid,0.8927329778671265,0.0008769322235434009,20,0.3303757489732649,0.0007035275465715417,13.994252873563218,4.727903289734443,0.15958327399145403,0.8767266318309516,Conformal,0.001,low_risk_q1,0.01,1.0,0
5,100,0.3,0.0,Harm,hybrid,0.9166356325149536,0.0007794953098163563,20,0.31776834571681556,0.0005846214823622672,13.081252477209672,5.432223543400713,0.12696174004580166,0.8767884967589253,Conformal,0.001,low_risk_q1,0.01,1.0,0
5,100,0.3,0.0,Harm,hybrid,0.9405384063720703,0.0006820583960893118,20,0.3068604948307904,0.0004657154181529925,12.154776060245739,6.165477606024574,0.1014044065019058,0.8768759767434865,Conformal,0.001,low_risk_q1,0.01,1.0,0
5,100,0.3,0.0,Harm,hybrid,0.9763925075531006,0.0005846214823622672,20,0.29416208869073995,0.00031708283789139916,10.86940150614348,7.182322631787555,0.07378400232102057,0.8769719786438502,Conformal,0.001,low_risk_q1,0.01,1.0,0
5,100,0.3,0.0,Harm,hybrid,1.0002951622009277,0.0004871845686352227,20,0.2839385718058631,0.00023781212841854935,10.136741973840666,7.662901307966706,0.06183331785993183,0.8769968568647128,Conformal,0.001,low_risk_q1,0.01,1.0,0
5,100,0.3,0.0,Harm,hybrid,1.036149263381958,0.00038974765490817816,20,0.27553841120346734,0.00014863258026159333,9.369599682917162,8.155172413793103,0.04912191814161955,0.8770210480211877,Conformal,0.001,low_risk_q1,0.01,1.0,0
5,100,0.3,0.0,Harm,hybrid,1.1198087930679321,0.0002923107411811336,20,0.26251359738673236,4.9544193420531116e-05,8.713832738803012,8.54756242568371,0.039107858584708714,0.8770479576819977,Conformal,0.001,low_risk_q1,0.01,1.0,0
5,100,0.3,0.0,Harm,hybrid,1.2632250785827637,0.00019487382745408908,20,0.25973681921188824,4.9544193420531116e-05,8.599484740388426,8.599088386841062,0.03678309891432446,0.8770512790804392,Conformal,0.001,low_risk_q1,0.01,1.0,0
5,100,0.3,0.0,Harm,hybrid,1.2632250785827637,9.743691372704454e-05,20,0.25973681921188824,4.9544193420531116e-05,8.599484740388426,8.599088386841062,0.03678309891432446,0.8770512790804392,Conformal,0.001,low_risk_q1,0.01,1.0,0
5,100,0.3,0.0,Harm,hybrid,0.0,-1.0,20,0.605269548752384,0.002338485929449069,20.0,0.0,0.4672201385667452,0.0,Conformal,0.001,low_risk_q1,0.01,1.0,0
5,100,0.3,0.0,Harm,hybrid,1.2632250785827637,0.0,20,0.25973681921188824,4.9544193420531116e-05,8.599484740388426,8.599088386841062,0.03678309891432446,0.8770512790804392,Conformal,0.001,low_risk_q1,0.01,1.0,0
6,100,0.3,0.0,Harm,hybrid,0.4769206643104553,0.0023818936548725047,20,0.580233221251982,0.0022830598932595376,19.963036173156752,0.5505040521842262,0.6436519715712088,0.39874655919007296,Conformal,0.001,low_risk_q1,0.01,1.0,0
6,100,0.3,0.0,Harm,hybrid,0.5022631883621216,0.0022826480859194837,20,0.5668908164675763,0.0022534097647756474,19.94564143111287,0.616525004941688,0.6423025552723447,0.4860300130451241,Conformal,0.001,low_risk_q1,0.01,1.0,0
6,100,0.3,0.0,Harm,hybrid,0.5782909393310547,0.0021834025169664623,20,0.507279051215284,0.0020755089938723067,19.828226922316663,0.7884957501482507,0.6318152848248341,0.7295957113117578,Conformal,0.001,low_risk_q1,0.01,1.0,0
6,100,0.3,0.0,Harm,hybrid,0.6416473984718323,0.0020841569480134414,20,0.44591278013714236,0.0019272583514528562,19.600909270606838,0.9648151808657838,0.6065625853493106,0.8388766017800895,Conformal,0.001,low_risk_q1,0.01,1.0,0
6,100,0.3,0.0,Harm,hybrid,0.6669899225234985,0.0019849113790604204,20,0.42896904242404177,0.0018580747183237797,19.44574026487448,1.059497924491006,0.5915773244480184,0.8557513031063424,Conformal,0.001,low_risk_q1,0.01,1.0,0
6,100,0.3,0.0,Harm,hybrid,0.7430176734924316,0.0018856658101073995,20,0.3946958304462092,0.0016900573235817356,18.68017394742044,1.5107728800158133,0.5129015465223368,0.8731562057002136,Conformal,0.001,low_risk_q1,0.01,1.0,0
6,100,0.3,0.0,Harm,hybrid,0.7683602571487427,0.0017864202411543785,20,0.38601729811360297,0.0014627396718719114,18.283059893259537,1.7372998616327338,0.46968225227241744,0.874923434892324,Conformal,0.001,low_risk_q1,0.01,1.0,0
6,100,0.3,0.0,Harm,hybrid,0.7937027812004089,0.0016871746722013573,20,0.3772473110116959,0.0014330895433880214,17.795611780984384,2.013046056532912,0.41868374246234225,0.8757268643672642,Conformal,0.001,low_risk_q1,0.01,1.0,0
6,100,0.3,0.0,Harm,hybrid,0.81904536485672,0.0015879291032483364,20,0.371196736876895,0.001413322791065428,17.23720102787112,2.3492785135402254,0.3657073996575694,0.8763478793701371,Conformal,0.001,low_risk_q1,0.01,1.0,0
6,100,0.3,0.0,Harm,hybrid,0.844387948513031,0.0014886835342953154,20,0.36167569132419786,0.0012551887724846808,16.545167029057126,2.7942281083218026,0.30496259851539376,0.8766373675259997,Conformal,0.001,low_risk_q1,0.01,1.0,0
6,100,0.3,0.0,Harm,hybrid,0.844387948513031,0.0013894379653422943,20,0.36167569132419786,0.0012551887724846808,16.545167029057126,2.7942281083218026,0.30496259851539376,0.8766373675259997,Conformal,0.001,low_risk_q1,0.01,1.0,0
6,100,0.3,0.0,Harm,hybrid,0.869730532169342,0.0012901923963892733,20,0.35167071703945824,0.0010970547539039337,15.785926072346314,3.3182447123937537,0.24949195894617318,0.8769414163308611,Conformal,0.001,low_risk_q1,0.01,1.0,0
6,100,0.3,0.0,Harm,hybrid,0.8824018239974976,0.0011909468274362523,20,0.3473396700199816,0.0009586874876457799,15.352045858865388,3.6214666930223363,0.2247599921657727,0.8770638884365091,Conformal,0.001,low_risk_q1,0.01,1.0,0
6,100,0.3,0.0,Harm,hybrid,0.8950731158256531,0.0010917012584832312,20,0.34063847591778196,0.0009586874876457797,14.908875271792844,3.951571456809646,0.20147215994611467,0.8771705954260045,Conformal,0.001,low_risk_q1,0.01,1.0,0
6,100,0.3,0.0,Harm,hybrid,0.9077444076538086,0.0009924556895302102,20,0.33608366110441257,0.0007807867167424393,14.444554259735126,4.300256967780194,0.17965945654090867,0.8772698553691484,Conformal,0.001,low_risk_q1,0.01,1.0,0
6,100,0.3,0.0,Harm,hybrid,0.9204156994819641,0.0008932101205771893,20,0.3295305180332722,0.0006720695789681756,13.962443170587072,4.668313896026882,0.15878326871023268,0.877349755388697,Conformal,0.001,low_risk_q1,0.01,1.0,0
6,100,0.3,0.0,Harm,hybrid,0.9457582235336304,0.0007939645516241682,20,0.31511945061977226,0.0004151017987744613,12.96936153389998,5.451867958094485,0.12449583383999226,0.8774790328715256,Conformal,0.001,low_risk_q1,0.01,1.0,0
6,100,0.3,0.0,Harm,hybrid,0.9711008071899414,0.0006947189826711471,20,0.30390977889903803,0.00034591816564538447,11.999604664953548,6.224747973907887,0.0980188962037591,0.8775691844399016,Conformal,0.001,low_risk_q1,0.01,1.0,0
6,100,0.3,0.0,Harm,hybrid,0.9964433908462524,0.0005954734137181262,20,0.29362093055808036,0.0002767345325163076,11.07056730579166,6.9517691243328725,0.07844465681275384,0.8776143817490083,Conformal,0.001,low_risk_q1,0.01,1.0,0
6,100,0.3,0.0,Harm,hybrid,1.0344572067260742,0.0004962278447651051,20,0.2796508023799011,0.00014825064241945048,9.94267641826448,7.757857284048231,0.058240964094745516,0.8776824427555378,Conformal,0.001,low_risk_q1,0.01,1.0,0
6,100,0.3,0.0,Harm,hybrid,1.0597997903823853,0.0003969822758120841,20,0.27233323069026966,0.0001087171377742637,9.413520458588653,8.11721684127298,0.049851642313969206,0.877701406443554,Conformal,0.001,low_risk_q1,0.01,1.0,0
6,100,0.3,0.0,Harm,hybrid,1.1104849576950073,0.0002977367068590631,20,0.26493415280896704,2.96501284838901e-05,8.878632140739276,8.47539039335837,0.04124463507176289,0.8777157347917258,Conformal,0.001,low_risk_q1,0.01,1.0,0
6,100,0.3,0.0,Harm,hybrid,1.3005542755126953,0.00019849113790604205,20,0.25773207151552857,9.8833761612967e-06,8.608815971535877,8.6082229689662,0.035577226643825,0.8777208293155205,Conformal,0.001,low_risk_q1,0.01,1.0,0
6,100,0.3,0.0,Harm,hybrid,1.3005542755126953,9.924556895302102e-05,20,0.25773207151552857,9.8833761612967e-06,8.608815971535877,8.6082229689662,0.035577226643825,0.8777208293155205,Conformal,0.001,low_risk_q1,0.01,1.0,0
6,100,0.3,0.0,Harm,hybrid,0.0,-1.0,20,0.6053635834873027,0.0023818936548725047,20.0,0.0,0.4692641674853815,0.0,Conformal,0.001,low_risk_q1,0.01,1.0,0
6,100,0.3,0.0,Harm,hybrid,1.3005542755126953,0.0,20,0.25773207151552857,9.8833761612967e-06,8.608815971535877,8.6082229689662,0.035577226643825,0.8777208293155205,Conformal,0.001,low_risk_q1,0.01,1.0,0
7,100,0.3,0.0,Harm,hybrid,0.4925207197666168,0.002277227722772277,20,0.5740883678872576,0.0021584158415841586,19.96178217821782,0.5879207920792079,0.6389969987914995,0.44438755410242087,Conformal,0.001,low_risk_q1,0.01,1.0,0
7,100,0.3,0.0,Harm,hybrid,0.5449216961860657,0.0021823432343234324,20,0.5365966768135824,0.0020297029702970298,19.911485148514853,0.7207920792079208,0.6338981221149707,0.6237631298967887,Conformal,0.001,low_risk_q1,0.01,1.0,0
7,100,0.3,0.0,Harm,hybrid,0.5973227024078369,0.0020874587458745873,20,0.4875127839092186,0.0019405940594059408,19.79227722772277,0.8308910891089109,0.6218703364561271,0.7687978131439974,Conformal,0.001,low_risk_q1,0.01,1.0,0
7,100,0.3,0.0,Harm,hybrid,0.6890243887901306,0.0019925742574257426,20,0.41473067804548647,0.001861386138613861,19.28693069306931,1.145148514851485,0.5699269252317333,0.8621152059330776,Conformal,0.001,low_risk_q1,0.01,1.0,0
7,100,0.3,0.0,Harm,hybrid,0.7152248620986938,0.0018976897689768977,20,0.40257742298555016,0.0017425742574257428,19.013069306930692,1.280990099009901,0.5449176496486446,0.8679188176330779,Conformal,0.001,low_risk_q1,0.01,1.0,0
7,100,0.3,0.0,Harm,hybrid,0.7545256018638611,0.0018028052805280528,20,0.3895738454994805,0.0016534653465346538,18.48653465346535,1.5807920792079209,0.4924673179315686,0.8713835990319924,Conformal,0.001,low_risk_q1,0.01,1.0,0
7,100,0.3,0.0,Harm,hybrid,0.7938263416290283,0.001707920792079208,20,0.3782108401851019,0.0015544554455445545,17.788712871287128,1.9938613861386139,0.4215222713150096,0.8727781601960961,Conformal,0.001,low_risk_q1,0.01,1.0,0
7,100,0.3,0.0,Harm,hybrid,0.8200268149375916,0.001613036303630363,20,0.37166554962027676,0.0014455445544554455,17.179801980198018,2.352277227722772,0.3644563438057139,0.8734524510078913,Conformal,0.001,low_risk_q1,0.01,1.0,0
7,100,0.3,0.0,Harm,hybrid,0.8200268149375916,0.0015181518151815181,20,0.37166554962027676,0.0014455445544554455,17.179801980198018,2.352277227722772,0.3644563438057139,0.8734524510078913,Conformal,0.001,low_risk_q1,0.01,1.0,0
7,100,0.3,0.0,Harm,hybrid,0.8462272882461548,0.0014232673267326732,20,0.3623874136729088,0.0012673267326732674,16.48752475247525,2.816237623762376,0.3015722811411206,0.8737408611982285,Conformal,0.001,low_risk_q1,0.01,1.0,0
7,100,0.3,0.0,Harm,hybrid,0.872427761554718,0.0013283828382838283,20,0.35235329680703603,0.0010891089108910892,15.715247524752476,3.3706930693069306,0.24504107480968898,0.8740154493513586,Conformal,0.001,low_risk_q1,0.01,1.0,0
7,100,0.3,0.0,Harm,hybrid,0.885528028011322,0.0012334983498349834,20,0.3477451417068636,0.0010495049504950496,15.26079207920792,3.67980198019802,0.21895436195968793,0.8741407097730218,Conformal,0.001,low_risk_q1,0.01,1.0,0
7,100,0.3,0.0,Harm,hybrid,0.898628294467926,0.0011386138613861385,20,0.3422407246032056,0.0009504950495049507,14.811089108910892,4.026732673267326,0.19462579257109192,0.8742212021490029,Conformal,0.001,low_risk_q1,0.01,1.0,0
7,100,0.3,0.0,Harm,hybrid,0.9248287677764893,0.0010437293729372936,20,0.330143888974114,0.0007128712871287129,13.813663366336634,4.7706930693069305,0.15106382463340745,0.8744045603306139,Conformal,0.001,low_risk_q1,0.01,1.0,0
7,100,0.3,0.0,Harm,hybrid,0.9248287677764893,0.0009488448844884489,20,0.330143888974114,0.0007128712871287129,13.813663366336634,4.7706930693069305,0.15106382463340745,0.8744045603306139,Conformal,0.001,low_risk_q1,0.01,1.0,0
7,100,0.3,0.0,Harm,hybrid,0.9510292410850525,0.000853960396039604,20,0.31652314183350544,0.0005247524752475248,12.807524752475247,5.594059405940594,0.11757152982759919,0.8745105752677964,Conformal,0.001,low_risk_q1,0.01,1.0,0
7,100,0.3,0.0,Harm,hybrid,0.9772297143936157,0.0007590759075907591,20,0.30483662569896675,0.000405940594059406,11.822772277227722,6.391287128712872,0.09183272175497753,0.8745500272119218,Conformal,0.001,low_risk_q1,0.01,1.0,0
7,100,0.3,0.0,Harm,hybrid,0.9772297143936157,0.0006641914191419142,20,0.30483662569896675,0.000405940594059406,11.822772277227722,6.391287128712872,0.09183272175497753,0.8745500272119218,Conformal,0.001,low_risk_q1,0.01,1.0,0
7,100,0.3,0.0,Harm,hybrid,1.0034301280975342,0.0005693069306930693,20,0.29228077521821516,0.00027722772277227726,10.884158415841584,7.125544554455446,0.07307993086502881,0.8745828077599475,Conformal,0.001,low_risk_q1,0.01,1.0,0
7,100,0.3,0.0,Harm,hybrid,1.0165305137634277,0.00047442244224422443,20,0.28833380185185453,0.0002277227722772277,10.465148514851485,7.435247524752476,0.0665234650110811,0.8745970287523491,Conformal,0.001,low_risk_q1,0.01,1.0,0
7,100,0.3,0.0,Harm,hybrid,1.0427309274673462,0.00037953795379537953,20,0.27909511180069785,0.00018811881188118812,9.758217821782178,7.900396039603961,0.05503343876812749,0.8746123643829742,Conformal,0.001,low_risk_q1,0.01,1.0,0
7,100,0.3,0.0,Harm,hybrid,1.0820317268371582,0.00028465346534653464,20,0.26799453529974726,8.91089108910891e-05,9.107920792079208,8.307722772277227,0.04446843310874823,0.8746467155811407,Conformal,0.001,low_risk_q1,0.01,1.0,0
7,100,0.3,0.0,Harm,hybrid,1.34403657913208,0.00018976897689768977,20,0.2605833891936401,2.970297029702971e-05,8.604158415841583,8.604158415841583,0.035717659090271976,0.8746979605718531,Conformal,0.001,low_risk_q1,0.01,1.0,0
7,100,0.3,0.0,Harm,hybrid,1.34403657913208,9.488448844884488e-05,20,0.2605833891936401,2.970297029702971e-05,8.604158415841583,8.604158415841583,0.035717659090271976,0.8746979605718531,Conformal,0.001,low_risk_q1,0.01,1.0,0
7,100,0.3,0.0,Harm,hybrid,0.0,-1.0,20,0.6062332004304328,0.002277227722772277,20.0,0.0,0.46651571984759455,0.0,Conformal,0.001,low_risk_q1,0.01,1.0,0
7,100,0.3,0.0,Harm,hybrid,1.34403657913208,0.0,20,0.2605833891936401,2.970297029702971e-05,8.604158415841583,8.604158415841583,0.035717659090271976,0.8746979605718531,Conformal,0.001,low_risk_q1,0.01,1.0,0
8,100,0.3,0.0,Harm,hybrid,0.5141786932945251,0.0022426397945070147,20,0.5506294917315941,0.002114206678522031,19.929065402094448,0.6917605216360403,0.6338662233715647,0.5634023653835466,Conformal,0.001,low_risk_q1,0.01,1.0,0
8,100,0.3,0.0,Harm,hybrid,0.5763145685195923,0.002149196469735889,20,0.49733506779847186,0.0020252914443785815,19.814463544754002,0.8360007903576369,0.6201860359989314,0.7514209868111146,Conformal,0.001,low_risk_q1,0.01,1.0,0
8,100,0.3,0.0,Harm,hybrid,0.6260231733322144,0.0020557531449647633,20,0.450357527644399,0.0019067377988539816,19.63426200355661,0.9772772179411183,0.5998807824752813,0.8333308809640756,Conformal,0.001,low_risk_q1,0.01,1.0,0
8,100,0.3,0.0,Harm,hybrid,0.6633046865463257,0.0019623098201936376,20,0.42382464874900044,0.001867219917012448,19.407429361786207,1.1213198972535072,0.5763738955969517,0.8591407946052364,Conformal,0.001,low_risk_q1,0.01,1.0,0
8,100,0.3,0.0,Harm,hybrid,0.700586199760437,0.001868866495422512,20,0.40676678357802304,0.0018178225647105313,19.062240663900415,1.3256273463742343,0.5423009728528989,0.8693367511858622,Conformal,0.001,low_risk_q1,0.01,1.0,0
8,100,0.3,0.0,Harm,hybrid,0.725440502166748,0.0017754231706513866,20,0.3985084644709512,0.0017486662714878481,18.746492787986565,1.4995060264769808,0.5125043367601649,0.8726955240585824,Conformal,0.001,low_risk_q1,0.01,1.0,0
8,100,0.3,0.0,Harm,hybrid,0.7627220153808594,0.001681979845880261,20,0.3851341316362558,0.0015807152736613318,18.139498122900612,1.844892313771982,0.4534021016147587,0.8747080643939671,Conformal,0.001,low_risk_q1,0.01,1.0,0
8,100,0.3,0.0,Harm,hybrid,0.8000035285949707,0.0015885365211091354,20,0.37324123551136684,0.0014226437462951985,17.35131396957123,2.311993677138905,0.3790035802082027,0.8757740585715521,Conformal,0.001,low_risk_q1,0.01,1.0,0
8,100,0.3,0.0,Harm,hybrid,0.812430739402771,0.0014950931963380097,20,0.3707426334158844,0.001373246393993282,17.048409405255878,2.50721201343608,0.35026817079368827,0.8760912218634334,Conformal,0.001,low_risk_q1,0.01,1.0,0
8,100,0.3,0.0,Harm,hybrid,0.8248579502105713,0.001401649871566884,20,0.36800857728098013,0.0012250543370875319,16.72752420470263,2.720410985971152,0.3230625982806884,0.8762869669987261,Conformal,0.001,low_risk_q1,0.01,1.0,0
8,100,0.3,0.0,Harm,hybrid,0.837285041809082,0.0013082065467957585,20,0.36336438782172226,0.0011558980438648489,16.381347559770795,2.9434894289666076,0.2946385099452583,0.8764464464852575,Conformal,0.001,low_risk_q1,0.01,1.0,0
8,100,0.3,0.0,Harm,hybrid,0.8621394634246826,0.0012147632220246328,20,0.3522509227477881,0.000978067575577949,15.633076467101363,3.4844892313771982,0.24216489839112118,0.8767265511989436,Conformal,0.001,low_risk_q1,0.01,1.0,0
8,100,0.3,0.0,Harm,hybrid,0.8869937658309937,0.0011213198972535073,20,0.34327206798283616,0.0008002371072910494,14.761707172495555,4.126654811302115,0.19453783785040749,0.8769011730542676,Conformal,0.001,low_risk_q1,0.01,1.0,0
8,100,0.3,0.0,Harm,hybrid,0.899420976638794,0.0010278765724823816,20,0.3388486673211497,0.0008002371072910494,14.320292432325628,4.470065204505039,0.1734784736240964,0.8769600334253087,Conformal,0.001,low_risk_q1,0.01,1.0,0
8,100,0.3,0.0,Harm,hybrid,0.9118480682373047,0.000934433247711256,20,0.3324802599514424,0.0007310808140683659,13.864651254692749,4.838767042086544,0.15434244110815637,0.8769884504605788,Conformal,0.001,low_risk_q1,0.01,1.0,0
8,100,0.3,0.0,Harm,hybrid,0.924275279045105,0.0008409899229401305,20,0.3271310326987886,0.0006619245208456826,13.38016202331555,5.215570045445564,0.1368058089707986,0.8770088817171647,Conformal,0.001,low_risk_q1,0.01,1.0,0
8,100,0.3,0.0,Harm,hybrid,0.949129581451416,0.0007475465981690049,20,0.3164717110431827,0.0005137324639399328,12.39458605018771,5.94921952183363,0.10686869373683583,0.8771113232589687,Conformal,0.001,low_risk_q1,0.01,1.0,0
8,100,0.3,0.0,Harm,hybrid,0.9615567922592163,0.0006541032733978793,20,0.31023234281183837,0.00042481722979648297,11.930843706777317,6.310808140683659,0.09557635876068032,0.8771367196427403,Conformal,0.001,low_risk_q1,0.01,1.0,0
8,100,0.3,0.0,Harm,hybrid,0.9864110946655273,0.0005606599486267537,20,0.29959937536379716,0.00033590199565303305,11.026476980833827,7.004939735230192,0.0771361289802713,0.8771701163872344,Conformal,0.001,low_risk_q1,0.01,1.0,0
8,100,0.3,0.0,Harm,hybrid,1.0112653970718384,0.000467216623855628,20,0.2901481570148898,0.0002469867615095831,10.247579529737205,7.566291246789172,0.063477344450769,0.8772095921472468,Conformal,0.001,low_risk_q1,0.01,1.0,0
8,100,0.3,0.0,Harm,hybrid,1.0485469102859497,0.00037377329908450243,20,0.28021803404585266,0.00016795099782651653,9.439241256668643,8.122900612527168,0.050315021788119654,0.8772598331941089,Conformal,0.001,low_risk_q1,0.01,1.0,0
8,100,0.3,0.0,Harm,hybrid,1.1106828451156616,0.00028032997431337684,20,0.2690675479597997,4.939735230191662e-05,8.831061055127446,8.523414344991108,0.03985333223249836,0.8772862942985888,Conformal,0.001,low_risk_q1,0.01,1.0,0
8,100,0.3,0.0,Harm,hybrid,1.309517502784729,0.00018688664954225122,20,0.2646083614094579,2.9638411381149973e-05,8.62912467891721,8.628729500098794,0.03645890889899434,0.8772914452441388,Conformal,0.001,low_risk_q1,0.01,1.0,0
8,100,0.3,0.0,Harm,hybrid,1.309517502784729,9.344332477112561e-05,20,0.2646083614094579,2.9638411381149973e-05,8.62912467891721,8.628729500098794,0.03645890889899434,0.8772914452441388,Conformal,0.001,low_risk_q1,0.01,1.0,0
8,100,0.3,0.0,Harm,hybrid,0.0,-1.0,20,0.6044578970431359,0.0022426397945070147,20.0,0.0,0.4645166219353778,0.0,Conformal,0.001,low_risk_q1,0.01,1.0,0
8,100,0.3,0.0,Harm,hybrid,1.309517502784729,0.0,20,0.2646083614094579,2.9638411381149973e-05,8.62912467891721,8.628729500098794,0.03645890889899434,0.8772914452441388,Conformal,0.001,low_risk_q1,0.01,1.0,0
9,100,0.3,0.0,Harm,hybrid,0.0,0.002586887835703002,20,0.6116668231739676,0.002586887835703002,20.0,0.0,0.6521387206792426,0.10932131832856579,Conformal,0.001,low_risk_q1,0.01,1.0,0
9,100,0.3,0.0,Harm,hybrid,0.44227904081344604,0.00247910084254871,20,0.5961270224012891,0.0025473933649289102,19.985584518167457,0.4597156398104265,0.6509184091940445,0.3112586448250082,Conformal,0.001,low_risk_q1,0.01,1.0,0
9,100,0.3,0.0,Harm,hybrid,0.4943118691444397,0.0023713138493944184,20,0.5723110385331307,0.002507898894154818,19.958530805687204,0.6226303317535545,0.6482398362860797,0.4763693222403908,Conformal,0.001,low_risk_q1,0.01,1.0,0
9,100,0.3,0.0,Harm,hybrid,0.5333365201950073,0.0022635268562401266,20,0.5453931860171752,0.0023894154818325437,19.915086887835702,0.7140600315955766,0.6436509590764997,0.6109497238800994,Conformal,0.001,low_risk_q1,0.01,1.0,0
9,100,0.3,0.0,Harm,hybrid,0.6243939399719238,0.002155739863085835,20,0.4576849510451583,0.002201816745655608,19.648301737756714,0.931477093206951,0.6178333751987424,0.822823823949452,Conformal,0.001,low_risk_q1,0.01,1.0,0
9,100,0.3,0.0,Harm,hybrid,0.6764267683029175,0.002047952869931543,20,0.4184776665125802,0.00217219589257504,19.324249605055293,1.1346761453396526,0.5815410736647696,0.8599178655483497,Conformal,0.001,low_risk_q1,0.01,1.0,0
9,100,0.3,0.0,Harm,hybrid,0.7154513597488403,0.0019401658767772515,20,0.40128037932194593,0.0019747235387045812,18.929304897314378,1.3546603475513428,0.544294590099021,0.8686992779231393,Conformal,0.001,low_risk_q1,0.01,1.0,0
9,100,0.3,0.0,Harm,hybrid,0.7414678335189819,0.0018323788836229597,20,0.39411605169012764,0.0018364928909952608,18.56970774091627,1.5422590837282781,0.50844459169095,0.8712649252521406,Conformal,0.001,low_risk_q1,0.01,1.0,0
9,100,0.3,0.0,Harm,hybrid,0.7804924249649048,0.001724591890468668,20,0.381071638237466,0.0015106635071090047,17.894549763033176,1.9445102685624012,0.43571821592314086,0.8731096783179749,Conformal,0.001,low_risk_q1,0.01,1.0,0
9,100,0.3,0.0,Harm,hybrid,0.8065088391304016,0.0016168048973143761,20,0.3718388497426494,0.0014415481832543444,17.295616113744074,2.286137440758294,0.3781952406723143,0.8738513091434412,Conformal,0.001,low_risk_q1,0.01,1.0,0
9,100,0.3,0.0,Harm,hybrid,0.8325252532958984,0.0015090179041600843,20,0.36147676842324483,0.0012835703001579778,16.615916271721957,2.7026066350710902,0.31812751887888435,0.8743240405182253,Conformal,0.001,low_risk_q1,0.01,1.0,0
9,100,0.3,0.0,Harm,hybrid,0.8585416674613953,0.0014012309110057928,20,0.35258554539465203,0.0010169826224328594,15.860189573459715,3.2328199052132702,0.26003512075741103,0.8746891696360837,Conformal,0.001,low_risk_q1,0.01,1.0,0
9,100,0.3,0.0,Harm,hybrid,0.8715498447418213,0.001293443917851501,20,0.34690412081269284,0.0009281200631911533,15.436216429699842,3.534952606635071,0.23244925378037182,0.8748222320045124,Conformal,0.001,low_risk_q1,0.01,1.0,0
9,100,0.3,0.0,Harm,hybrid,0.8845580816268921,0.0011856569246972092,20,0.34018254623445005,0.0009281200631911533,15.009676145339652,3.865521327014218,0.20807611431662285,0.8749394108613553,Conformal,0.001,low_risk_q1,0.01,1.0,0
9,100,0.3,0.0,Harm,hybrid,0.9105744957923889,0.0010778699315429174,20,0.33097946447286514,0.0008195102685624013,14.058254344391786,4.580173775671406,0.16458727609667403,0.8751314554418372,Conformal,0.001,low_risk_q1,0.01,1.0,0
9,100,0.3,0.0,Harm,hybrid,0.9235826730728149,0.0009700829383886257,20,0.3240453100535853,0.000740521327014218,13.565363349131122,4.977290679304898,0.1453205947531216,0.8752094887520497,Conformal,0.001,low_risk_q1,0.01,1.0,0
9,100,0.3,0.0,Harm,hybrid,0.9495991468429565,0.000862295945234334,20,0.3114202983243846,0.0005529225908372828,12.551935229067931,5.766785150078989,0.1131025554135368,0.8753420607186431,Conformal,0.001,low_risk_q1,0.01,1.0,0
9,100,0.3,0.0,Harm,hybrid,0.9626073241233826,0.0007545089520800422,20,0.30460052820675265,0.0004936808846761453,12.065165876777252,6.177330173775672,0.09992530274827092,0.875378459695931,Conformal,0.001,low_risk_q1,0.01,1.0,0
9,100,0.3,0.0,Harm,hybrid,0.9886237382888794,0.0006467219589257505,20,0.2954753763194309,0.00034557661927330175,11.119273301737756,6.930292259083728,0.07875092097466756,0.87540395157483,Conformal,0.001,low_risk_q1,0.01,1.0,0
9,100,0.3,0.0,Harm,hybrid,1.0146400928497314,0.0005389349657714587,20,0.2854721596417514,0.0002764612954186414,10.285150078988941,7.536729857819905,0.06409766877696114,0.8754253377746959,Conformal,0.001,low_risk_q1,0.01,1.0,0
9,100,0.3,0.0,Harm,hybrid,1.0276483297348022,0.000431147972617167,20,0.2795804021342988,0.00020734597156398104,9.94352290679305,7.7802132701421804,0.05897442043195899,0.8754335093512698,Conformal,0.001,low_risk_q1,0.01,1.0,0
9,100,0.3,0.0,Harm,hybrid,1.0666730403900146,0.00032336097946287525,20,0.26892331871123837,0.00010860979462875199,9.219984202211691,8.260268562401263,0.04772976357623218,0.8754664614897313,Conformal,0.001,low_risk_q1,0.01,1.0,0
9,100,0.3,0.0,Harm,hybrid,1.2878124713897705,0.0002155739863085835,20,0.25816930354332857,1.9747235387045815e-05,8.625592417061611,8.625,0.03716022806504425,0.8754863298716076,Conformal,0.001,low_risk_q1,0.01,1.0,0
9,100,0.3,0.0,Harm,hybrid,1.2878124713897705,0.00010778699315429174,20,0.25816930354332857,1.9747235387045815e-05,8.625592417061611,8.625,0.03716022806504425,0.8754863298716076,Conformal,0.001,low_risk_q1,0.01,1.0,0
9,100,0.3,0.0,Harm,hybrid,0.0,-1.0,20,0.6116668231739676,0.002586887835703002,20.0,0.0,0.4732978833964621,0.0,Conformal,0.001,low_risk_q1,0.01,1.0,0
9,100,0.3,0.0,Harm,hybrid,1.2878124713897705,0.0,20,0.25816930354332857,1.9747235387045815e-05,8.625592417061611,8.625,0.03716022806504425,0.8754863298716076,Conformal,0.001,low_risk_q1,0.01,1.0,0
